0000
3003000000000000
3003000000000000
3003000000000010
3003000000000000
3003000000000000
3003000000000000
3003000000000010
3003000000000000
1310
30103030
13130013
30001010
10301100
30103030
13130013
3000
1310
30103030
13130013
30001010
10301100
30103030
13130013
3000
33030030
11030010
33030030
13131010
33030030
11030010
33030030
33133033
30013133
30113133
1000133030103030
3000311010333000
10101010
30013030
30333013
10033033
30013133
30113133
1000133030103030
3000311010333000
10101010
30013030
30333013
30033113
3000


