0000
0000
0000
1000
1000
1000
1000
1000
1000
1000
1000
1000
1000
1000
3000
101303010
101303010
101303010
101300033
101303010
101303010
101303010
101300031
3001100110031003
0000000110031003
0000300110030301
0003101000003000
3001100110031003
0000000110031003
0000300110030301
0003101000003000
3001100110031003
0000000110031003
0000300110030301
0003101000003000
3001100110031003
0000000110031003
0000300110030301
0003101110013000
3000
3000
3000
3000
3000
3000
3000100030000000
3000100030000001
30013001
30013001
11111130
11111130
30013001
30013001
11111130
1031103110113010
30013001
30013001
11111130
11111130
30013001
30013001
11111130
1031103110113010
101303010
101303010
101303010
101300033
101303010
101303010
101303010
101300031
1000
1000
1000
1000
1000
1000
1010
3000
1010
1010
1010
1010
1010
1010
1010
3113
30313031
30313031
1001100110013000
1001100110013000
30313031
30313031
1001100110013000
1001301130113000
30013001
30013001
11111130
11111130
30013001
30013001
11111130
1031103110113010
11111111
11111111
1031103110113010
30000000



