5050
5050
5050
5050
5050
5050
5055
5000
5000
5000
5000
5000
5000
5000
5000
505505050
505505050
505505050
505500055
505505050
505505050
505505050
505500055
5005500550055005
0000000550055005
0000500550050505
0005505000005000
5005500550055005
0000000550055005
0000500550050505
0005505000005000
5005500550055005
0000000550055005
0000500550050505
0005505000005000
5005500550055005
0000000550055005
0000500550050505
0005505550055000
5000
5000
5000
5000
5000
5000
5000500050000000
5000500050000005
50055005
50055005
55555550
55555550
50055005
50055005
55555550
5055505550555050
50055005
50055005
55555550
55555550
50055005
50055005
55555550
5055505550555050
505505050
505505050
505505050
505500055
505505050
505505050
505505050
505500055
5000
5000
5000
5000
5000
5000
5050
5000
5050
5050
5050
5050
5050
5050
5050
5555
50555055
50555055
5005500550055000
5005500550055000
50555055
50555055
5005500550055000
5005505550555000
50055005
50055005
55555550
55555550
50055005
50055005
55555550
5055505550555050




