3030
3030
3030
3030
3030
3030
3033
3000
3000
3000
3000
3000
3000
3000
3000
303303030
303303030
303303030
303300033
303303030
303303030
303303030
303300033
3003300330033003
0000000330033003
0000300330030303
0003303000003000
3003300330033003
0000000330033003
0000300330030303
0003303000003000
3003300330033003
0000000330033003
0000300330030303
0003303000003000
3003300330033003
0000000330033003
0000300330030303
0003303330033000
3000
3000
3000
3000
3000
3000
3000300030000000
3000300030000003
30033003
30033003
33333330
33333330
30033003
30033003
33333330
3033303330333030
30033003
30033003
33333330
33333330
30033003
30033003
33333330
3033303330333030
303303030
303303030
303303030
303300033
303303030
303303030
303303030
303300033
3000
3000
3000
3000
3000
3000
3030
3000
3030
3030
3030
3030
3030
3030
3030
3333
30333033
30333033
3003300330033000
3003300330033000
30333033
30333033
3003300330033000
3003303330333000
30033003
30033003
33333330
33333330
30033003
30033003
33333330
3033303330333030




