4040
4040
4040
4040
4040
4040
4044
4000
4000
4000
4000
4000
4000
4000
4000
404404040
404404040
404404040
404400044
404404040
404404040
404404040
404400044
4004400440044004
0000000440044004
0000400440040404
0004404000004000
4004400440044004
0000000440044004
0000400440040404
0004404000004000
4004400440044004
0000000440044004
0000400440040404
0004404000004000
4004400440044004
0000000440044004
0000400440040404
0004404440044000
4000
4000
4000
4000
4000
4000
4000400040000000
4000400040000004
40044004
40044004
44444440
44444440
40044004
40044004
44444440
4044404440444040
40044004
40044004
44444440
44444440
40044004
40044004
44444440
4044404440444040
404404040
404404040
404404040
404400044
404404040
404404040
404404040
404400044
4000
4000
4000
4000
4000
4000
4040
4000
4040
4040
4040
4040
4040
4040
4040
4444
40444044
40444044
4004400440044000
4004400440044000
40444044
40444044
4004400440044000
4004404440444000
40044004
40044004
44444440
44444440
40044004
40044004
44444440
4044404440444040




