0000
4003000000000000
4003000000000000
4003000000000010
4003000000000000
4003000000000000
4003000000000000
4003000000000010
4003000000000000
1310
30103030
13130043
30001010
10301100
30103030
13130043
3000
1310
30103030
13130013
30001010
10301100
30103030
13130013
3000
34030030
14030010
34030030
14131010
34030030
14030010
34030030
34134034
30013133
30113133
1000133030103030
3000311010333000
10101010
30013030
30333014
10033034
30013134
30113134
1000133030103030
3000311010333000
10101010
30013030
30333013
30033113
3000


